    -24.693   0.7802E+00   0.0000E+00   0.0000E+00
    -24.584   0.7802E+00   0.0000E+00   0.0000E+00
    -24.476   0.7802E+00   0.0000E+00   0.0000E+00
    -24.367   0.7802E+00   0.0000E+00   0.0000E+00
    -24.259   0.7802E+00   0.0000E+00   0.0000E+00
    -24.150   0.7802E+00   0.0000E+00   0.0000E+00
    -24.042   0.7802E+00   0.0000E+00   0.0000E+00
    -23.933   0.7802E+00   0.0000E+00   0.0000E+00
    -23.825   0.7802E+00   0.0000E+00   0.0000E+00
    -23.716   0.7802E+00   0.0000E+00   0.0000E+00
    -23.608   0.7802E+00   0.0000E+00   0.0000E+00
    -23.499   0.7802E+00   0.1189E-19   0.0000E+00
    -23.391   0.7802E+00   0.1107E-10   0.0000E+00
    -23.282   0.7803E+00   0.1269E-05   0.0000E+00
    -23.174   0.7890E+00   0.1565E-03   0.0000E+00
    -23.065   0.8038E+00   0.4371E-03   0.0000E+00
    -22.957   0.8032E+00   0.4530E-03   0.0000E+00
    -22.849   0.8178E+00   0.7864E-03   0.0000E+00
    -22.740   0.1048E+01   0.3748E-02   0.0000E+00
    -22.632   0.1746E+01   0.1313E-01   0.0000E+00
    -22.523   0.2072E+01   0.1768E-01   0.0000E+00
    -22.415   0.1990E+01   0.1714E-01   0.0000E+00
    -22.306   0.1327E+01   0.9510E-02   0.0000E+00
    -22.198   0.1517E+01   0.1578E-01   0.0000E+00
    -22.089   0.1725E+01   0.1955E-01   0.0000E+00
    -21.981   0.1397E+01   0.1200E-01   0.0000E+00
    -21.872   0.1109E+01   0.7538E-02   0.0000E+00
    -21.764   0.1054E+01   0.5941E-02   0.0000E+00
    -21.655   0.1195E+01   0.9129E-02   0.0000E+00
    -21.547   0.1397E+01   0.9429E-02   0.0000E+00
    -21.438   0.1518E+01   0.8432E-02   0.0000E+00
    -21.330   0.1646E+01   0.9916E-02   0.0000E+00
    -21.221   0.1844E+01   0.1308E-01   0.0000E+00
    -21.113   0.1853E+01   0.1189E-01   0.0000E+00
    -21.004   0.3639E+01   0.2256E-01   0.0000E+00
    -20.896   0.8111E+01   0.5971E-01   0.0000E+00
    -20.787   0.6137E+01   0.4559E-01   0.0000E+00
    -20.679   0.8100E+00   0.2711E-03   0.0000E+00
    -20.570   0.7802E+00   0.1024E-08   0.0000E+00
    -20.462   0.7802E+00   0.6247E-18   0.0000E+00
    -20.354   0.7802E+00   0.0000E+00   0.0000E+00
    -20.245   0.7802E+00   0.0000E+00   0.0000E+00
    -20.137   0.7802E+00   0.0000E+00   0.0000E+00
    -20.028   0.7802E+00   0.0000E+00   0.0000E+00
    -19.920   0.7802E+00   0.0000E+00   0.0000E+00
    -19.811   0.7802E+00   0.0000E+00   0.0000E+00
    -19.703   0.7802E+00   0.0000E+00   0.0000E+00
    -19.594   0.7802E+00   0.0000E+00   0.0000E+00
    -19.486   0.7802E+00   0.0000E+00   0.0000E+00
    -19.377   0.7802E+00   0.0000E+00   0.0000E+00
    -19.269   0.7802E+00   0.0000E+00   0.0000E+00
    -19.160   0.7802E+00   0.0000E+00   0.0000E+00
    -19.052   0.7802E+00   0.0000E+00   0.0000E+00
    -18.943   0.7802E+00   0.0000E+00   0.0000E+00
    -18.835   0.7802E+00   0.0000E+00   0.0000E+00
    -18.726   0.7802E+00   0.0000E+00   0.0000E+00
    -18.618   0.7802E+00   0.0000E+00   0.0000E+00
    -18.509   0.7802E+00   0.0000E+00   0.0000E+00
    -18.401   0.7802E+00   0.0000E+00   0.0000E+00
    -18.292   0.7802E+00   0.3799E-19   0.0000E+00
    -18.184   0.7802E+00   0.9050E-10   0.0000E+00
    -18.075   0.7804E+00   0.2294E-04   0.0000E+00
    -17.967   0.7898E+00   0.1723E-02   0.0000E+00
    -17.858   0.7830E+00   0.5486E-03   0.0000E+00
    -17.750   0.7802E+00   0.2121E-06   0.0000E+00
    -17.642   0.7802E+00   0.1497E-13   0.0000E+00
    -17.533   0.7802E+00   0.0000E+00   0.0000E+00
    -17.425   0.7802E+00   0.0000E+00   0.0000E+00
    -17.316   0.7802E+00   0.0000E+00   0.0000E+00
    -17.208   0.7802E+00   0.0000E+00   0.0000E+00
    -17.099   0.7802E+00   0.0000E+00   0.0000E+00
    -16.991   0.7802E+00   0.0000E+00   0.0000E+00
    -16.882   0.7802E+00   0.0000E+00   0.0000E+00
    -16.774   0.7802E+00   0.0000E+00   0.0000E+00
    -16.665   0.7802E+00   0.0000E+00   0.0000E+00
    -16.557   0.7802E+00   0.0000E+00   0.0000E+00
    -16.448   0.7802E+00   0.0000E+00   0.0000E+00
    -16.340   0.7802E+00   0.0000E+00   0.0000E+00
    -16.231   0.7802E+00   0.0000E+00   0.0000E+00
    -16.123   0.7802E+00   0.0000E+00   0.0000E+00
    -16.014   0.7802E+00   0.0000E+00   0.0000E+00
    -15.906   0.7802E+00   0.0000E+00   0.0000E+00
    -15.797   0.7802E+00   0.0000E+00   0.0000E+00
    -15.689   0.7802E+00   0.0000E+00   0.0000E+00
    -15.580   0.7802E+00   0.0000E+00   0.0000E+00
    -15.472   0.7802E+00   0.0000E+00   0.0000E+00
    -15.363   0.7802E+00   0.0000E+00   0.0000E+00
    -15.255   0.7802E+00   0.0000E+00   0.0000E+00
    -15.147   0.7802E+00   0.0000E+00   0.0000E+00
    -15.038   0.7802E+00   0.0000E+00   0.0000E+00
    -14.930   0.7802E+00   0.0000E+00   0.0000E+00
    -14.821   0.7802E+00   0.0000E+00   0.0000E+00
    -14.713   0.7802E+00   0.0000E+00   0.0000E+00
    -14.604   0.7802E+00   0.0000E+00   0.0000E+00
    -14.496   0.7802E+00   0.0000E+00   0.0000E+00
    -14.387   0.7802E+00   0.0000E+00   0.0000E+00
    -14.279   0.7802E+00   0.0000E+00   0.0000E+00
    -14.170   0.7802E+00   0.0000E+00   0.0000E+00
    -14.062   0.7802E+00   0.0000E+00   0.0000E+00
    -13.953   0.7802E+00   0.0000E+00   0.0000E+00
    -13.845   0.7802E+00   0.0000E+00   0.0000E+00
    -13.736   0.7802E+00   0.0000E+00   0.0000E+00
    -13.628   0.7802E+00   0.0000E+00   0.0000E+00
    -13.519   0.7802E+00   0.0000E+00   0.0000E+00
    -13.411   0.7802E+00   0.0000E+00   0.0000E+00
    -13.302   0.7802E+00   0.0000E+00   0.0000E+00
    -13.194   0.7802E+00   0.0000E+00   0.0000E+00
    -13.085   0.7802E+00   0.0000E+00   0.0000E+00
    -12.977   0.7802E+00   0.1528E-10   0.0000E+00
    -12.868   0.7802E+00   0.4385E-04   0.0000E+00
    -12.760   0.7803E+00   0.2544E-01   0.0000E+00
    -12.652   0.7825E+00   0.2156E+00   0.0000E+00
    -12.543   0.7845E+00   0.1864E+00   0.0000E+00
    -12.435   0.7924E+00   0.3403E+00   0.0000E+00
    -12.326   0.8033E+00   0.2895E+00   0.0000E+00
    -12.218   0.8064E+00   0.4107E+00   0.0000E+00
    -12.109   0.7960E+00   0.4384E+00   0.0000E+00
    -12.001   0.8056E+00   0.4371E+00   0.0000E+00
    -11.892   0.8022E+00   0.2425E+00   0.0000E+00
    -11.784   0.7977E+00   0.1212E+00   0.0000E+00
    -11.675   0.7912E+00   0.8037E-01   0.0000E+00
    -11.567   0.8120E+00   0.2020E+00   0.0000E+00
    -11.458   0.8217E+00   0.2106E+00   0.0000E+00
    -11.350   0.8121E+00   0.2600E+00   0.0000E+00
    -11.241   0.8050E+00   0.2131E+00   0.0000E+00
    -11.133   0.8037E+00   0.3000E+00   0.0000E+00
    -11.024   0.7951E+00   0.1754E+00   0.0000E+00
    -10.916   0.7976E+00   0.1926E+00   0.0000E+00
    -10.807   0.7983E+00   0.1769E+00   0.0000E+00
    -10.699   0.7912E+00   0.1359E+00   0.0000E+00
    -10.590   0.7962E+00   0.1037E+00   0.0000E+00
    -10.482   0.7879E+00   0.6755E-01   0.0000E+00
    -10.373   0.8042E+00   0.3185E+00   0.0000E+00
    -10.265   0.7905E+00   0.4605E+00   0.0000E+00
    -10.156   0.7898E+00   0.5757E+00   0.0000E+00
    -10.048   0.7936E+00   0.2049E+00   0.0000E+00
     -9.940   0.7980E+00   0.1636E+00   0.0000E+00
     -9.831   0.7944E+00   0.1681E+00   0.0000E+00
     -9.723   0.7917E+00   0.3501E+00   0.0000E+00
     -9.614   0.7924E+00   0.4303E+00   0.0000E+00
     -9.506   0.7878E+00   0.4585E+00   0.0000E+00
     -9.397   0.7879E+00   0.6534E+00   0.0000E+00
     -9.289   0.7860E+00   0.7785E+00   0.0000E+00
     -9.180   0.7827E+00   0.1060E+01   0.0000E+00
     -9.072   0.7845E+00   0.1508E+01   0.0000E+00
     -8.963   0.7833E+00   0.9717E+00   0.0000E+00
     -8.855   0.7836E+00   0.1005E+01   0.0000E+00
     -8.746   0.7839E+00   0.1217E+01   0.0000E+00
     -8.638   0.7835E+00   0.1441E+01   0.0000E+00
     -8.529   0.7829E+00   0.3060E+01   0.0000E+00
     -8.421   0.7808E+00   0.5064E+00   0.0000E+00
     -8.312   0.7803E+00   0.4472E-02   0.0000E+00
     -8.204   0.7803E+00   0.2382E-02   0.0000E+00
     -8.095   0.7802E+00   0.1022E-02   0.0000E+00
     -7.987   0.7802E+00   0.3908E-03   0.0000E+00
     -7.878   0.7802E+00   0.4116E-05   0.0000E+00
     -7.770   0.7802E+00   0.1708E-07   0.0000E+00
     -7.661   0.7803E+00   0.4731E-03   0.0000E+00
     -7.553   0.7818E+00   0.1304E-01   0.0000E+00
     -7.445   0.7812E+00   0.1157E-01   0.0000E+00
     -7.336   0.7803E+00   0.1854E-02   0.0000E+00
     -7.228   0.7802E+00   0.3472E-05   0.0000E+00
     -7.119   0.7802E+00   0.2282E-11   0.0000E+00
     -7.011   0.7802E+00   0.2222E-05   0.0000E+00
     -6.902   0.7803E+00   0.7998E-02   0.0000E+00
     -6.794   0.7852E+00   0.1670E+00   0.0000E+00
     -6.685   0.8459E+00   0.9458E+00   0.0000E+00
     -6.577   0.9280E+00   0.1976E+01   0.0000E+00
     -6.468   0.8827E+00   0.1283E+01   0.0000E+00
     -6.360   0.8217E+00   0.1390E+01   0.0000E+00
     -6.251   0.8084E+00   0.1469E+01   0.0000E+00
     -6.143   0.8039E+00   0.1752E+01   0.0000E+00
     -6.034   0.8186E+00   0.1407E+01   0.0000E+00
     -5.926   0.8217E+00   0.1300E+01   0.0000E+00
     -5.817   0.8123E+00   0.1172E+01   0.0000E+00
     -5.709   0.8032E+00   0.1825E+01   0.0000E+00
     -5.600   0.7987E+00   0.1889E+01   0.0000E+00
     -5.492   0.7997E+00   0.1619E+01   0.0000E+00
     -5.383   0.7941E+00   0.1559E+01   0.0000E+00
     -5.275   0.7877E+00   0.2029E+01   0.0000E+00
     -5.166   0.7867E+00   0.1390E+01   0.0000E+00
     -5.058   0.7903E+00   0.1135E+01   0.0000E+00
     -4.950   0.7895E+00   0.1101E+01   0.0000E+00
     -4.841   0.7914E+00   0.1222E+01   0.0000E+00
     -4.733   0.7989E+00   0.1903E+01   0.0000E+00
     -4.624   0.8057E+00   0.2266E+01   0.0000E+00
     -4.516   0.7958E+00   0.1754E+01   0.0000E+00
     -4.407   0.7942E+00   0.1940E+01   0.0000E+00
     -4.299   0.7960E+00   0.2111E+01   0.0000E+00
     -4.190   0.7945E+00   0.2305E+01   0.0000E+00
     -4.082   0.7909E+00   0.1956E+01   0.0000E+00
     -3.973   0.7935E+00   0.1837E+01   0.0000E+00
     -3.865   0.7946E+00   0.3181E+01   0.0000E+00
     -3.756   0.7844E+00   0.1563E+01   0.0000E+00
     -3.648   0.7802E+00   0.9662E-02   0.0000E+00
     -3.539   0.7802E+00   0.1786E-03   0.0000E+00
     -3.431   0.7802E+00   0.2863E-04   0.0000E+00
     -3.322   0.7802E+00   0.3236E-08   0.0000E+00
     -3.214   0.7802E+00   0.3219E-08   0.0000E+00
     -3.105   0.7802E+00   0.1245E-04   0.0000E+00
     -2.997   0.7802E+00   0.4602E-04   0.0000E+00
     -2.888   0.7802E+00   0.1287E-04   0.0000E+00
     -2.780   0.7802E+00   0.8939E-05   0.0000E+00
     -2.671   0.7802E+00   0.2780E-06   0.0000E+00
     -2.563   0.7803E+00   0.5826E-03   0.0000E+00
     -2.454   0.7836E+00   0.6151E-01   0.0000E+00
     -2.346   0.7839E+00   0.8310E-01   0.0000E+00
     -2.238   0.7803E+00   0.1814E-02   0.0000E+00
     -2.129   0.7803E+00   0.5826E-03   0.0000E+00
     -2.021   0.7866E+00   0.5916E-01   0.0000E+00
     -1.912   0.7835E+00   0.3229E-01   0.0000E+00
     -1.804   0.7802E+00   0.4823E-04   0.0000E+00
     -1.695   0.7802E+00   0.2060E-10   0.0000E+00
     -1.587   0.7802E+00   0.0000E+00   0.0000E+00
     -1.478   0.7802E+00   0.0000E+00   0.0000E+00
     -1.370   0.7802E+00   0.0000E+00   0.0000E+00
     -1.261   0.7802E+00   0.0000E+00   0.0000E+00
     -1.153   0.7802E+00   0.0000E+00   0.0000E+00
     -1.044   0.7802E+00   0.1356E-12   0.0000E+00
     -0.936   0.7802E+00   0.1350E-06   0.0000E+00
     -0.827   0.7804E+00   0.1363E-03   0.0000E+00
     -0.719   0.7823E+00   0.2395E-02   0.0000E+00
     -0.610   0.7842E+00   0.7177E-02   0.0000E+00
     -0.502   0.7819E+00   0.8533E-02   0.0000E+00
     -0.393   0.7822E+00   0.9558E-02   0.0000E+00
     -0.285   0.7820E+00   0.7760E-02   0.0000E+00
     -0.176   0.7808E+00   0.5716E-02   0.0000E+00
     -0.068   0.7821E+00   0.9963E-02   0.0000E+00
      0.041   0.7818E+00   0.1067E-01   0.0000E+00
      0.149   0.7805E+00   0.1458E-02   0.0000E+00
      0.257   0.7802E+00   0.6551E-06   0.0000E+00
      0.366   0.7802E+00   0.7470E-13   0.0000E+00
      0.474   0.7802E+00   0.0000E+00   0.0000E+00
      0.583   0.7802E+00   0.0000E+00   0.0000E+00
      0.691   0.7802E+00   0.0000E+00   0.0000E+00
      0.800   0.7802E+00   0.0000E+00   0.0000E+00
      0.908   0.7802E+00   0.3693E-16   0.0000E+00
      1.017   0.7802E+00   0.6980E-09   0.0000E+00
      1.125   0.7802E+00   0.3291E-05   0.0000E+00
      1.234   0.7802E+00   0.3793E-04   0.0000E+00
      1.342   0.7802E+00   0.7956E-05   0.0000E+00
      1.451   0.7802E+00   0.1172E-07   0.0000E+00
      1.559   0.7802E+00   0.1495E-13   0.0000E+00
      1.668   0.7802E+00   0.0000E+00   0.0000E+00
      1.776   0.7802E+00   0.0000E+00   0.0000E+00
      1.885   0.7802E+00   0.9882E-16   0.0000E+00
      1.993   0.7802E+00   0.1224E-07   0.0000E+00
      2.102   0.7806E+00   0.1932E-03   0.0000E+00
      2.210   0.7837E+00   0.1751E-02   0.0000E+00
      2.319   0.7845E+00   0.2372E-02   0.0000E+00
      2.427   0.7995E+00   0.1081E-01   0.0000E+00
      2.536   0.7807E+00   0.2427E-03   0.0000E+00
      2.644   0.7813E+00   0.7115E-03   0.0000E+00
      2.752   0.7975E+00   0.1181E-01   0.0000E+00
      2.861   0.7920E+00   0.8598E-02   0.0000E+00
      2.969   0.7898E+00   0.7227E-02   0.0000E+00
      3.078   0.7824E+00   0.1695E-02   0.0000E+00
      3.186   0.7933E+00   0.4164E-02   0.0000E+00
      3.295   0.8323E+00   0.1792E-01   0.0000E+00
      3.403   0.8249E+00   0.1809E-01   0.0000E+00
      3.512   0.8125E+00   0.1795E-01   0.0000E+00
      3.620   0.8372E+00   0.2540E-01   0.0000E+00
      3.729   0.8413E+00   0.2893E-01   0.0000E+00
      3.837   0.8244E+00   0.1473E-01   0.0000E+00
      3.946   0.8514E+00   0.3095E-01   0.0000E+00
      4.054   0.8510E+00   0.4311E-01   0.0000E+00
      4.163   0.8819E+00   0.6247E-01   0.0000E+00
      4.271   0.8661E+00   0.4969E-01   0.0000E+00
      4.380   0.8993E+00   0.4853E-01   0.0000E+00
      4.488   0.8727E+00   0.4657E-01   0.0000E+00
      4.597   0.8690E+00   0.4782E-01   0.0000E+00
      4.705   0.8565E+00   0.6256E-01   0.0000E+00
      4.814   0.8660E+00   0.8347E-01   0.0000E+00
      4.922   0.8652E+00   0.1281E+00   0.0000E+00
      5.031   0.8636E+00   0.1633E+00   0.0000E+00
      5.139   0.8590E+00   0.1349E+00   0.0000E+00
      5.248   0.8802E+00   0.1288E+00   0.0000E+00
      5.356   0.8560E+00   0.1277E+00   0.0000E+00
      5.464   0.8481E+00   0.1294E+00   0.0000E+00
      5.573   0.8424E+00   0.1135E+00   0.0000E+00
      5.681   0.8400E+00   0.1032E+00   0.0000E+00
      5.790   0.8412E+00   0.1017E+00   0.0000E+00
      5.898   0.8288E+00   0.1210E+00   0.0000E+00
      6.007   0.8218E+00   0.1345E+00   0.0000E+00
      6.115   0.8114E+00   0.1031E+00   0.0000E+00
      6.224   0.8033E+00   0.7304E-01   0.0000E+00
      6.332   0.7993E+00   0.3916E-01   0.0000E+00
      6.441   0.7841E+00   0.1580E-01   0.0000E+00
      6.549   0.7803E+00   0.3958E-03   0.0000E+00
      6.658   0.7802E+00   0.4001E-08   0.0000E+00
      6.766   0.7802E+00   0.3453E-17   0.0000E+00
      6.875   0.7802E+00   0.0000E+00   0.0000E+00
      6.983   0.7802E+00   0.0000E+00   0.0000E+00
      7.092   0.7802E+00   0.0000E+00   0.0000E+00
      7.200   0.7802E+00   0.0000E+00   0.0000E+00
      7.309   0.7802E+00   0.0000E+00   0.0000E+00
      7.417   0.7802E+00   0.0000E+00   0.0000E+00
      7.526   0.7802E+00   0.0000E+00   0.0000E+00
      7.634   0.7802E+00   0.0000E+00   0.0000E+00
      7.743   0.7802E+00   0.0000E+00   0.0000E+00
      7.851   0.7802E+00   0.0000E+00   0.0000E+00
